10503.541016
9517.546875
9518.723633
9519.020508
9519.049805
9519.052734
9519.051758
9519.050781
9519.050781
9519.050781
9519.050781
9519.049805
9519.050781
9519.050781
9519.050781
9519.050781
9519.050781
9519.050781
9519.050781
9519.050781
9519.050781
9519.050781
9519.050781
9519.049805
9519.049805
9519.049805
9519.049805
9519.049805
9519.049805
9519.049805
9519.049805
9519.049805
9519.049805
9519.049805
9519.049805
9519.049805
9519.049805
9519.049805
9519.049805
9519.049805
9519.049805
9519.049805
9519.049805
9519.049805
9519.049805
9519.049805
9519.049805
9519.049805
9519.049805
9519.049805
